240446929
747848281
17781284
311244454
725262024
996257968
2079603
112890567
869315322
817879606
930365245
965670124
452640191
993577920
841088950
878747076
348951003
849422542
834674462
141112984
212696123
66999300
329364312
305672707
172574311
282916063
255179396
979971959
844965727
159719781
253590006
717346186
871591511
616055173
495720010
886157271
974509863
649280619
412678379
400904156
126691335
857198784
677931696
257268357
447029911
986535885
616330649
779110040
759669683
42555908
36405344
969122201
219190104
257584639
108986414
831169469
180366400
745936233
947583731
273542422
304949242
525653836
452839863
497179261
654269425
53877632
669093689
152462401
321540627
283045228
355556099
959252049
614580880
265430407
582709200
467094068
652484454
75230271
19712466
16785698
139041292
795590833
431164685
998337708
364791012
963529083
403392121
910936526
512082886
100286569
312463142
682218452
382744354
552942310
984877873
976462338
852122948
806134109
246256281
608607950
360635455
553855943
246963198
990370240
269606421
768728533
309937895
236881316
739905395
907796511
538918908
816927569
689085406
435064705
671517632
507985417
263311113
725545214
510733569
362285504
924981011
417049359
859403307
297526486
655300097
66797024
468813489
3473514
542424799
894318028
58697721
247684915
302670709
434509524
72046190
139425590
528405694
282197268
564377648
268742617
844026503
899886383
404464691
735106839
205464083
620475721
648130548
364361351
847691140
158899322
385516444
765780676
504924898
856020846
647711059
70602925
92794084
456759987
462328665
273814834
943425297
280840211
337642117
214317490
961572797
69912538
926459024
251196986
107194514
91627942
88104694
865354561
501296142
184617818
976260888
832145739
317047133
89691202
527792738
637924112
947865706
333343415
779944915
809625682
127833741
71784827
354697900
52733174
91511743
682167813
532794664
105903331
37815583
356422689
396983045
259936039
836456456
525297499
218235551
393171238
745961314
217198364
687490779
155717148
916489048
254830437
242854310
712371686
882626681
223198561
943734064
435982874
698510596
69472187
22794514
854898987
653337679
434656381
597244389
281590953
939254727
528641976
264857118
157318599
860743653
617600610
128542276
201690928
628230973
619193633
356128688
422386507
222953150
641946425
101430005
517183735
427048682
989103991
6503270
806920702
351744758
608049017
718409627
397148029
215379395
563247590
165085859
678564632
333775644
260835477
324551042
456210598
46350942
638699615
716739826
278203779
637726163
788926163
266415422
106608149
463266097
387181390
749061308
363326181
310476073
625955471
968139957
473428081
193337276
211617980
74504354
344695841
96686732
783207
816425469
489131885
793711662
70012597
188374111
828108413
778501833
651877500
219601251
306550534
312249326
511021105
473965261
862865662
715380266
156307792
174205077
102384544
975336984
867497654
606868482
31713443
683757800
510668923
966767614
588003729
866315946
501457930
164674711
413208157
861800298
944366767
139843568
533100599
128473161
8541094
872154866
210693846
38505634
116939823
966316004
474321309
306929325
561476310
629659010
851822493
236124693
113530795
478245823
852011336
956028073
140392988
328555594
956207275
141968264
520594770
909035021
5669347
288515777
543833803
760235814
254053400
173083746
707463513
932234526
291497633
592917634
793186306
164899464
916265940
389395867
373443828
924024252
776072830
964906269
542094985
729907001
683055251
451247404
935741245
822287460
604660722
782944950
376159802
436513312
987800780
168347883
769748304
159680575
5624958
231644590
751272548
27695089
922007721
663093776
42190721
549674705
196286274
973014803
779300141
830202604
274361542
549524757
655543570
161927646
630953536
51403167
699627861
533632009
959593988
162191671
80618385
309578014
112171786
744076000
110710497
12354162
787245925
419042916
892143131
51600051
432284972
19976869
709816246
843070570
734933391
242831774
100546877
840360727
724297156
991142636
717447300
581025647
200512154
262946187
369472141
322618133
479089487
108732137
486290716
156187153
917186536
3742604
427610683
508750632
475760451
306460877
779545570
839999386
98713898
47381319
359595827
134774399
838705852
840013401
310979720
869745095
54131348
978250955
130681169
731676902
315176727
777378771
460119922
61523213
718679885
599428668
165594356
719256002
815324555
504936152
340540756
866654651
263294722
261549352
784998733
339594850
17069125
251833955
621630403
794300605
279836141
574932123
353160396
990242576
976892990
457377174
24619731
939787505
862337799
271801136
596688353
182189518
831688067
334789358
475512482
731867832
462656431
657767764
223166623
873211598
554773331
191757601
469190504
141584941
494716859
977399706
207444432
146196965
1856236
942172221
741643864
689938314
820233387
764937585
769179310
870083973
103534224
7879298
11918973
391898018
416373091
244251631
570486233
872166631
809806608
939260401
609027481
902438949
830691793
166757302
859267522
344904631
112091047
155161931
410464137
913695301
571190000
150591740
888031647
24583355
194783745
992041029
39933847
982565894
699704111
382122941
408165198
369969162
166570578
453233293
492355249
201618879
471953512
484008265
774736483
212581834
708648626
866983733
756322606
225376003
969433761
609007767
268811187
232426722
747262218
885299444
227392364
991260020
801819685
355278
86731980
334399095
955272794
161298436
105165566
4703155
70426449
885769569
70409698
374225328
453590357
251993142
794617857
668816426
267611294
938382859
537258308
20913676
372836887
844358903
217876526
45820073
786406372
671687500
627058690
928324196
687413292
717032254
544116758
199982602
892123606
941843116
836081928
662647677
191193021
275160749
474523990
804259471
722766504
175521063
868359505
43824226
313070178
208354311
929703089
740138012
686739118
968839333
96095896
954113572
812445883
990710606
104298620
89726928
24544465
69717824
435787713
658428853
272769653
398693295
239535092
979464297
259174798
352691160
292653831
543915364
182458904
170416941
394694937
932883183
318091251
301597230
358486835
533784968
534033764
822026713
283794996
440514342
759503662
868664493
367261320
718885168
791158081
438998360
305808559
470073072
379891723
703977404
41369453
771485190
546996885
556510904
449024234
328592761
486372241
743445423
914652004
135423908
914948070
851997286
938084277
718836558
955228282
645700882
775931938
37739909
239000238
366874847
342427942
264137805
789706000
207895108
298836261
158995499
249593730
138649397
277677712
348269331
449637432
568131048
643462297
306708204
310781862
753609670
798160454
290850614
327748020
941196798
831407585
827067183
51853743
961227165
532663632
61194385
357221527
998269162
802369085
473275685
549723397
111526099
126013546
550981210
71050322
961666074
247970663
990665818
147747582
330012876
799772439
796849656
449654519
92960714
311693170
334777740
206781262
206799189
158350950
607448753
284035838
263825922
526132229
141334527
210450772
860154159
757197464
478409539
466072798
234324735
419303804
817362358
869861491
9873091
73584889
324501762
124704
56134435
607405180
771499313
100821706
568988711
27625882
212763746
338798815
755564849
918851641
18319684
603734734
582021456
273942041
395999157
151757539
954756279
459374806
707414559
665087207
664927143
229008474
635556929
213884413
115724085
743372689
793691246
966218826
115944353
999726051
321143431
634444054
353241202
596615587
562459441
216892366
386650952
105556285
684835692
119265800
564762721
513039076
112336213
934910965
615651823
729371191
163394488
365249808
127523379
491603963
870849584
89590413
760246329
819875139
245993641
175748358
786510699
875696556
190209227
515605465
792102085
100485560
541512432
799075896
555778744
358416313
554978634
208147447
652880907
386294198
947506096
302257293
868663623
40746894
474145906
36505674
912339208
58642718
186096563
915566919
870498089
564099133
845429594
562485752
263286353
431485031
59265706
808374678
254718895
626893750
751691789
990201393
442611528
965577849
811061694
236934826
494561098
510610687
41915996
92323698
493594676
242781717
822739436
740859796
371156978
208858927
521702899
118221347
68019287
597501750
994639735
433532124
443107577
428030276
59284035
819050504
880550549
476612473
534140386
186587528
548672038
993611963
880389293
883353227
123420462
890272496
934095321
299778962
707827402
252526747
783078174
39013323
306364402
334391692
14533812
253766759
120491104
179033657
962876771
59965923
853227537
634561295
998813857
678500876
178110242
500095523
844411730
991437771
865242378
181340023
419911359
716759264
42584834
371297894
766288413
228034322
292945215
895758148
291074593
520604369
869983704
76102355
400083022
164868472
915352383
504257957
743118440
477073074
614460435
217988905
95569738
997066195
888366601
18462458
661851687
961004626
545004443
16652093
518148989
197758651
448418883
596273453
489478392
563587796
2091001
526432603
945458810
248361525
895801728
415418685
900632830
835396683
972604026
278586727
146194471
723698013
885939509
715203219
664199575
157124088
396018129
281548601
639104294
77516461
870253509
360414961
71662618
214253800
695043571
420372879
141643552
380920228
206763766
491502451
427601227
571631996
679293441
42740723
36293318
305854932
730871896
946397001
934620666
479148503
804386132
415034152
268845492
508795814
637109688
670007135
251245999
408202796
436892916
319844863
61435995
898918753
714492283
605718459
431412243
314527134
113645967
71431778
938093884
240589992
675083693
450797472
603535966
508096342
934550818
722335829
242348441
63088477
144028373
612833412
502363483
334238716
89738839
127556184
556531667
453954743
904997867
627177699
974302180
913678918
757948432
868797466
840955513
666092289
899566988
818481140
349316764
464003935
248757960
924569034
423297324
848887225
903979906
784603166
355405983
-1
